123978572
-204349521
-2139446241
1647709372
-1366377840
-1059363148
1406217057
1421300857
33791203
-68085055
-962211179
-155606405
-73734268
1882720772
1383193733
768152354
-162375745
599466775
814642466
-1816723634
-470682698
-2126509965
-423824913
-895009042
-1192076444
1573988130
-1186450273
991330519
-678910497
675677368
-754510851
-1320301610
909922012
2016278659
-710807797
711228680
-1045432200
-1492073471
1174130286
-248293528
-997325515
373014162
-71190520
917534889
-266973630
596215918
1445533926
-262846651
1943697918
-1275234088
-1794086563
-1481855531
-1341475137
854277011
-750555281
1228486563
-1148396082
855003541
-556350606
-70786435
-1036762442
-1162057478
-1784382733
-985810485
940618430
481869883
-1473372713
-1136947485
-651204429
-400684897
1120291267
-808164708
1100019946
-1706591248
1311156157
-1387768799
-1279035004
-986113678
-742582253
-125884153
96496371
447888912
-783992709
874168992
128066749
1674906584
150055035
984290449
1992084095
-963095383
1639624714
-1055756127
1575161141
-1419707349
1553869943
-876463148
-782287688
695928062
1240917898
1785028792
917335431
-1745240779
-204489496
554636029
-1249134903
-318128635
-1317457477
-1470515125
1170328722
523678393
-2081529198
-1203041712
-883852699
500308713
1275095941
1368376855
1574289913
-20481046
554544796
-286098272
-1209097664
872265096
-1417896848
-1961469780
-1393309020
1881959922
1871176467
-575148585
-1240940909
101173493
-1788598484
1564697836
1079061821
471064173
-1046107290
-1095722636
2091680156
-560684041
1850640907
59440272
1649143476
-1356448277
1079272683
-569093880
1088846876
701819785
-1997099134
-623995741
1233311420
558563953
1546450777
1990896312
-2046367273
-1843483304
-402207060
115252228
-1137081269
397435384
1783446860
608141246
551718423
-291093944
-867181625
-2060951063
-1082486242
-920658707
2126904517
-944194840
1252171818
444662000
995002548
1741311063
631884595
1936300208
1285517223
-777554153
-537540641
-1520713703
-2078288517
1636327083
-730304692
-1074755051
297163835
-378638910
-239850995
1385113922
-1421397819
-1604644844
-429029517
1822519270
1525923245
-799558288
-1672968947
-2038703329
-1880610720
831681046
1618233969
769563998
-1147077492
825479233
-1284481733
358112278
-1890211393
-808999160
270700885
86676655
1759164238
-967046554
807745912
1641733312
1712902776
135702679
1269390323
932934013
140778186
-516806491
1992355755
1567148654
265375940
425352769
-1197382302
-1503583390
-396571972
-411605290
2075066683
-961138270
1905349634
-849017893
-215627651
-1964476312
1134254660
-871053720
-2059597929
-151064431
-1399386828
-781262836
-353455005
2137323410
749622375
-500257571
-916705106
-1455179352
293977984
-1070249265
274608376
1271630675
935711885
-1432497591
1852164983
1781851652
-830447440
629408757
-139398302
646446100
34057985
1697087447
-2043354005
-894101512
-1664628302
1076025761
-322616692
-143181133
1125132660
1074732612
1931932166
35499403
-457279718
744595146
237628326
-1292862721
731988859
-103082910
-959082167
1756300023
158587291
1857843644
-362330461
300359229
1925353228
-1436093033
312169019
366380331
-820431214
-1957539177
1186220729
-1016107610
-1730963195
832372827
1379243107
-113994678
436344955
1948781006
-1433816347
-1288690458
-1772953179
2070998205
-1860865200
-125028822
-1777184903
493969066
-2017119644
663407775
1650156817
1643514591
724681490
-133785386
817594834
1952095685
1531885883
1233446116
2065347537
2007675254
-1838408514
896820493
-1309913999
1242328975
-294532943
532406206
-524182704
1834155083
-774178067
175562944
714273635
-2115764531
-178464817
619572139
-1045340577
402447036
545973821
-54861416
1637196378
-149328108
-1552365593
1776389658
1827110322
1426550331
-1249332785
-22048915
-496878291
458138450
1921673482
-1581904400
-34992031
726120654
-1220098105
-429721904
-763903914
1153455174
1171263120
-1897484795
-1682527127
-1851483250
-1867545136
1802398594
1032532338
1275651
1183658900
109754280
309714729
885269800
779528597
1880931067
438968261
2130244465
1404448630
647779607
99956197
1856254047
-1485058743
-181129500
-486755148
1780591308
-1565656489
1800420360
-114698681
1681412743
-1689258976
-619815011
1124684872
-230896093
994574752
113780771
-314726695
-429450740
573581012
2112345784
-40120910
-117799718
1300237435
1034560902
1760102283
1157668073
-2113462239
1318158716
-323871807
-1874009303
-73781160
-1838765248
1327176243
-1148692687
-62387896
-1007815837
-1424968339
-614387558
396154218
943162838
171088648
-2131994230
-256620912
1692694684
1096838736
-1844740465
2136394536
-1641967168
927549735
-863778899
1096700864
900987017
-134748376
77500089
912485580
-511490579
726916879
1408149224
1551610023
-2033211326
1093832279
-2090202718
434034135
-1627779525
1645779748
-558826340
-1864901227
-22049519
-1971900317
2052654373
230434443
-408390144
624842799
-1918681922
1509582815
-1153511692
-1538254730
1718278896
-806365072
405217924
2146842076
1569851482
559023710
-1831740641
1547092190
134237961
836772559
-307585660
-503197382
1034370060
-1980316176
-808561033
-722136178
-633928122
1422749498
2099769265
-1424487105
-881439099
-1126873610
1030676503
616446620
-456307501
-1440424446
-1618867409
904555330
1741029132
1398080725
-11754545
-1033830207
1934109872
-454108481
-49674730
-531827841
-529443846
1858845813
2023275680
1429586396
425055281
-1110720307
568075509
-62739049
1559882045
1129303749
2066704193
-1918243985
-1314501508
1731235785
-337398454
-1947162355
-1801089322
-591674827
300876957
-963965664
